,V,A
0,4.0,0.0
1,4.0,4e-10
2,8.0,8e-10
3,9.0,1.2e-09
4,8.0,1.6e-09
5,8.0,2e-09
6,10.0,2.4e-09
7,10.0,2.8e-09
8,12.0,3.2e-09
9,18.0,3.6e-09
10,18.0,4e-09
11,20.0,4e-09
12,20.0,4.4e-09
13,22.0,4e-09
14,22.0,5.2e-09
15,24.0,5.6e-09
16,24.0,6e-09
17,24.0,6.4e-09
18,25.0,6.8e-09
19,26.0,7.2e-09
20,28.0,6.8e-09
21,28.0,6.4e-09
22,28.0,6e-09
23,28.0,5.6e-09
24,29.0,5.2e-09
25,30.0,4.8e-09
26,31.0,5.2e-09
27,31.0,5.6e-09
28,31.0,6e-09
29,32.0,6.4e-09
30,32.0,6.8e-09
31,32.0,7.2e-09
32,32.0,7.6e-09
33,32.0,8e-09
34,33.0,8.4e-09
35,32.0,8.8e-09
36,34.0,9.2e-09
37,32.0,9.6e-09
38,32.0,1e-08
39,32.0,8e-09
40,35.0,1.2e-08
41,40.0,8e-09
42,42.0,1.2e-08
43,44.0,1.6e-08
44,48.0,2e-08
45,50.0,1.6e-08
46,51.0,1.2e-08
47,53.0,1.6e-08
48,54.0,2e-08
49,56.0,2.4e-08
50,60.0,2.8e-08
51,60.0,2.4e-08
52,62.0,2e-08
